1,2
4312786488925573964619847916436127219510912864504589785209181363209026354996,16161347681839669251864665467703281411292235435048747094987907712909939880451
6013509164801733979484825298125890311250008879028105433014821636846005797706,2399752621831721507035131620197989677479755304465262440033218452779141405638
3032821634962744182823463864697008233967522232474639820528157518404251012495,9317652060963363145487054128929197853764647280479302097182004974449921730724
4771697916750345398952750108675423499547610079788326336196555543363540663310,14034172751567519123607075643874459590582114951565109065021309430867433379381
1409128748602282511644935312895774186648934632708670952866976725346563772814,3594162579658491154941405463131361716407010467228350367737851519757348002774
21420495835886995346531157686990827984658124067307916194634281038520078829709,2272688963803504713294288459770626971282478115145476855404677468620483697833
741531845109007756548373276308552441339451976666730107660711085128211749370,2635462721262804901858292764423199284168876914710635308708849216204814720648
6044078475234106950233813112209391376775423673970975072114612220646630159353,10944495828670617001347280861178133757258512213839470301512719762723654877058
10806046731106745325927268706700695119211633842520252162310634869798864808673,1076166921755365218718477213502568727584529212192195742935132659861273954999
12343462957698779473845348403229157796480933436702737168143270638698051139611,13197046699491579233237869328090738551568087550304337574973654442050765462112
10410991293128357474553336153010560714458358480794355246369045072399288161700,1522918506551632492040622290016608569717522868152207787800891101924144938289
406979872006983418577349943608224029189476970837703410636306165579786218212,20499277072208001778875770389929643435343604711191557860239687973926522002396
21028852614953095998691514210703936716622742694119789711259685651868825201073,6963924273004406216416745642441971480955399941611662530131641505251045249688
21854063280245512831501618399200571744586200477210599762033385899151761413260,14979762091319340042192171094829044196390102875514107658800957418277314808509
16773028061060032871918660906320577102855620654794472948347825705218411094003,12737475397041020205822931299654699413635626329200816516563572631086356908955
